[[630, 285],
[626, 294],
[622, 304],
[618, 313],
[614, 322],
[611, 332],
[608, 341],
[605, 351],
[602, 360],
[599, 369],
[597, 379],
[594, 388],
[592, 398],
[590, 402],
[587, 396],
[584, 391],
[581, 384],
[577, 375],
[574, 367],
[570, 358],
[566, 349],
[562, 341],
[557, 333],
[553, 324],
[548, 316],
[544, 308],
[539, 300],
[534, 293],
[529, 285],
[524, 277],
[519, 270],
[514, 262],
[508, 255],
[503, 248],
[498, 240],
[493, 233],
[487, 226],
[482, 219],
[477, 212],
[472, 205],
[467, 198],
[462, 191],
[457, 184],
[452, 177],
[447, 170],
[442, 164],
[437, 157],
[433, 150],
[428, 143],
[424, 136],
[420, 129],
[416, 122],
[412, 115],
[408, 108],
[404, 101],
[400, 95],
[397, 103],
[394, 110],
[391, 118],
[388, 126],
[385, 134],
[383, 142],
[380, 150]]